 0          1                   1        
 1          2                   2        
 2          4                   4        
 3          8                   8        
 4          16                 10        
 5          32                 20        
 6          64                 40        
 7         128                 80        
 8         256                 100       
 9         512                 200       
10         1024                400       
11         2048                800       
12         4096               1000       
13         8192               2000       
14        16384               4000       
15        32768               8000       
16        65536               10000      
17        131072              20000      
18        262144              40000      
19        524288              80000      
20       1048576             100000      
21       2097152             200000      
22       4194304             400000      
23       8388608             800000      
24       16777216            1000000     
25       33554432            2000000     
26       67108864            4000000     
27      134217728            8000000     
28      268435456           10000000     
29      536870912           20000000     
30      1073741824          40000000     
31      2147483648          80000000     
32      4294967296          100000000    
33      8589934592          200000000    
34     17179869184          400000000    
35     34359738368          800000000    
36     68719476736         1000000000    
37     137438953472        2000000000    
38     274877906944        4000000000    
39     549755813888        8000000000    
40    1099511627776        10000000000   
41    2199023255552        20000000000   
42    4398046511104        40000000000   
43    8796093022208        80000000000   
44    17592186044416      100000000000   
45    35184372088832      200000000000   
46    70368744177664      400000000000   
47   140737488355328      800000000000   
48   281474976710656      1000000000000  
49   562949953421312      2000000000000  
50   1125899906842624     4000000000000  
51   2251799813685248     8000000000000  
52   4503599627370496    10000000000000  
53   9007199254740992    20000000000000  
54  18014398509481984    40000000000000  
55  36028797018963968    80000000000000  
56  72057594037927936    100000000000000 
57  144115188075855872   200000000000000 
58  288230376151711744   400000000000000 
59  576460752303423488   800000000000000 
60 1152921504606846976  1000000000000000 
61 2305843009213693952  2000000000000000 
62 4611686018427387904  4000000000000000 
63 9223372036854775808  8000000000000000 
64 18446744073709551616 10000000000000000
